--- Resubstitution ---

confMat =

   200     0     0     8
     0   197     0    11
     1     0   205     2
    16     0     0   192


perc =

   96.1538         0         0    3.8462
         0   94.7115         0    5.2885
    0.4808         0   98.5577    0.9615
    7.6923         0         0   92.3077


--- KFold Crossvalidation ---

confMatK =

   200     0     0     8
     0   197     0    11
     1     0   204     3
    21     0     0   187


percK =

   96.1538         0         0    3.8462
         0   94.7115         0    5.2885
    0.4808         0   98.0769    1.4423
   10.0962         0         0   89.9038
