
--- Resubstitution ---

confMat =

   361     4     5   158
    40   392     5    91
    35     7   379   107
    73     1    45   409


perc =

   68.3712    0.7576    0.9470   29.9242
    7.5758   74.2424    0.9470   17.2348
    6.6288    1.3258   71.7803   20.2652
   13.8258    0.1894    8.5227   77.4621


--- KFold Crossvalidation ---

confMatK =

   362     3     5   158
    41   390     5    92
    36    10   375   107
    74     2    45   407


percK =

   68.5606    0.5682    0.9470   29.9242
    7.7652   73.8636    0.9470   17.4242
    6.8182    1.8939   71.0227   20.2652
   14.0152    0.3788    8.5227   77.0833

KFold Accuracies %: 
   74.0566   71.0900   74.7619   73.3333   72.9858   66.8246   75.0000   71.0900   75.0000   72.1698

Sigma: 
    2.5186