
--- Resubstitution ---

confMat =

   371     4    28   125
    27   415    23    63
    27    20   420    61
    62     1    52   413


perc =

   70.2652    0.7576    5.3030   23.6742
    5.1136   78.5985    4.3561   11.9318
    5.1136    3.7879   79.5455   11.5530
   11.7424    0.1894    9.8485   78.2197


--- KFold Crossvalidation ---

confMatK =

   368     4    29   127
    29   405    25    69
    26    24   414    64
    70     5    56   397


percK =

   69.6970    0.7576    5.4924   24.0530
    5.4924   76.7045    4.7348   13.0682
    4.9242    4.5455   78.4091   12.1212
   13.2576    0.9470   10.6061   75.1894