--- Resubstitution ---

confMat =

   178     0     0    30
     0   188     0    20
    10     0   195     3
    13     0     0   195


perc =

   85.5769         0         0   14.4231
         0   90.3846         0    9.6154
    4.8077         0   93.7500    1.4423
    6.2500         0         0   93.7500


--- KFold Crossvalidation ---

confMatK =

   175     0     0    33
     0   188     0    20
    10     0   193     5
    13     0     0   195


percK =

   84.1346         0         0   15.8654
         0   90.3846         0    9.6154
    4.8077         0   92.7885    2.4038
    6.2500         0         0   93.7500

KFold Accuracies %: 
   90.3614   89.0244   93.9759   86.7470   92.7711   96.3855   95.1807   80.9524   90.4762   86.9048

Sigma: 
    4.6387